103 122
116 123
117 117
91 114
113 117
110 109
95 124
104 131
106 134
101 118
107 126
95 123
93 123
93 119
105 108
117 127
89 118
109 117
99 129
98 119
98 124
104 134
103 123
89 126
105 110
107 119
97 109
90 119
103 129
113 130
98 120
114 113
111 120
115 124
93 114
106 133
106 109
109 119
99 124
102 121
97 121
99 114
113 131
97 120
109 132
96 112
92 121
111 117
113 112
101 125
95 118
111 128
100 121
100 131
93 124
105 128
95 116
103 131
110 125
91 131
108 120
25 154
25 155
24 149
32 149
15 151
32 146
14 148
31 151
18 159
38 160
29 159
31 152
30 156
16 152
26 142
20 150
40 154
26 149
27 144
34 142
29 152
22 152
19 162
12 147
11 151
16 163
39 154
20 149
16 159
15 149
22 140
27 141
23 143
11 154
26 144
28 148
34 157
25 139
35 163
25 143
34 164
25 151
35 154
25 150
20 160
27 154
22 160
38 147
37 147
28 154
15 145
19 157
37 163
18 163
39 155
29 147
31 146
32 151
20 161
16 160
29 144
162 47
167 46
168 48
154 59
161 34
152 49
160 60
170 51
175 49
163 46
154 41
168 35
152 38
167 42
170 59
166 60
152 41
169 40
160 34
154 36
152 43
173 39
171 48
152 52
177 47
172 57
163 56
155 46
161 44
159 34
160 52
169 50
152 51
170 36
164 49
164 35
154 44
156 55
149 51
162 54
171 51
157 44
158 36
174 38
175 51
169 38
164 40
167 50
170 52
172 56
156 60
150 53
166 40
157 59
166 46
164 47
151 41
149 41
164 60
173 51
174 48
185 46
177 43
195 38
183 49
187 60
190 36
181 44
181 56
194 40
172 46
188 56
193 42
193 54
186 42
179 47
199 48
196 55
184 55
175 39
179 57
180 46
175 54
188 45
178 34
173 54
186 59
172 41
198 48
183 53
180 43
190 57
174 39
195 48
182 48
180 33
198 43
179 55
180 48
180 37
179 39
199 46
196 36
182 56
190 46
177 57
187 36
191 35
189 47
183 39
183 45
197 37
185 60
187 45
184 56
173 42
190 32
170 46
193 55
177 44
183 52
181 33
115 197
119 195
122 199
121 184
102 191
122 196
107 187
105 186
119 200
113 192
103 188
106 190
125 198
106 199
112 195
107 193
108 196
106 192
109 188
121 195
119 186
114 197
118 193
120 194
104 187
115 186
101 197
113 184
121 186
122 189
130 197
115 190
111 186
110 191
123 186
124 190
125 193
120 188
104 191
117 188
110 190
116 200
104 196
120 200
124 185
123 200
105 193
104 189
113 185
104 188
124 200
126 190
108 192
125 187
108 185
113 191
126 198
111 188
127 191
113 186
119 190
